Q: [[1. 0.]
 [0. 1.]]
P: [[0.76453214 0.11034778]
 [0.11034778 3.55228743]]
K: [[6.11625712 0.88278222]]
PBK: [[37.40860114  5.39932303]
 [ 5.39932303  0.77930445]]
PA: [[18.20430057 -0.76453214]
 [ 6.16385517 -0.11034778]]
A'P: [[18.20430057  6.16385517]
 [-0.76453214 -0.11034778]]
depth difference: 0.12381458973118459
depth difference: 0.4752104030932045
******************
Q: [[  1.   0.]
 [  0. 100.]]
P: [[ 0.80676877  1.23447265]
 [ 1.23447265 35.33064966]]
K: [[6.45415015 9.87578122]]
PBK: [[41.65605413 63.73977482]
 [63.73977482 97.5310547 ]]
PA: [[20.32802707 -0.80676877]
 [64.54654359 -1.23447265]]
A'P: [[20.32802707 64.54654359]
 [-0.80676877 -1.23447265]]
depth difference: 4.284090977487737
depth difference: 1.8491987629737776
******************
Q: [[100.   0.]
 [  0.   1.]]
P: [[ 1.6746656   0.11034778]
 [ 0.11034778 10.89001799]]
K: [[13.39732482  0.88278222]]
PBK: [[179.4883124   11.82692013]
 [ 11.82692013   0.77930445]]
PA: [[39.7441562  -1.6746656 ]
 [13.50158573 -0.11034778]]
A'P: [[39.7441562  13.50158573]
 [-1.6746656  -0.11034778]]
