Q: [[1. 0.]
 [0. 1.]]
P: [[1.30901699 0.30901699]
 [0.30901699 2.30901699]]
K: [[2.61803399 0.61803399]]
PBK: [[6.85410197 1.61803399]
 [1.61803399 0.38196601]]
PA: [[ 2.92705098 -1.30901699]
 [ 2.92705098 -0.30901699]]
A'P: [[ 2.92705098  2.92705098]
 [-1.30901699 -0.30901699]]
depth difference: 0.16186276773501862
depth difference: 0.8138246963592688
******************
Q: [[  1.   0.]
 [  0. 100.]]
P: [[ 2.19650318  4.7562461 ]
 [ 4.7562461  34.47244976]]
K: [[4.39300637 9.5124922 ]]
PBK: [[19.29850493 41.78843878]
 [41.78843878 90.4875078 ]]
PA: [[ 9.14925246 -2.19650318]
 [43.98494196 -4.7562461 ]]
A'P: [[ 9.14925246 43.98494196]
 [-2.19650318 -4.7562461 ]]
depth difference: 2.9973124952744614
depth difference: 1.9472681540217063
******************
Q: [[100.   0.]
 [  0.   1.]]
P: [[ 5.54028853  0.30901699]
 [ 0.30901699 11.77042779]]
K: [[11.08057707  0.61803399]]
PBK: [[122.77918812   6.84817324]
 [  6.84817324   0.38196601]]
PA: [[11.38959406 -5.54028853]
 [12.38846178 -0.30901699]]
A'P: [[11.38959406 12.38846178]
 [-5.54028853 -0.30901699]]
