Q: [[1. 0.]
 [0. 1.]]
P: [[4.23694386 0.41421356]
 [0.41421356 5.20381933]]
K: [[4.23694386 0.41421356]]
PBK: [[17.9516933   1.75499961]
 [ 1.75499961  0.17157288]]
PA: [[ 8.47584665 -4.23694386]
 [ 5.99194347 -0.41421356]]
A'P: [[ 8.47584665  5.99194347]
 [-4.23694386 -0.41421356]]
depth difference: 0.03410421909020245
depth difference: 0.4345007474536904
******************
Q: [[  1.   0.]
 [  0. 100.]]
P: [[ 6.66925206  9.04987562]
 [ 9.04987562 49.80595534]]
K: [[6.66925206 9.04987562]]
PBK: [[44.47892303 60.35590162]
 [60.35590162 81.90024876]]
PA: [[21.73946151 -6.66925206]
 [67.02515368 -9.04987562]]
A'P: [[21.73946151 67.02515368]
 [-6.66925206 -9.04987562]]
depth difference: 1.8943868928069845
depth difference: 1.886444041298729
******************
Q: [[100.   0.]
 [  0.   1.]]
P: [[12.1227144   0.41421356]
 [ 0.41421356 16.35598298]]
K: [[12.1227144   0.41421356]]
PBK: [[146.96020452   5.02139272]
 [  5.02139272   0.17157288]]
PA: [[ 23.48010226 -12.1227144 ]
 [ 17.14410712  -0.41421356]]
A'P: [[ 23.48010226  17.14410712]
 [-12.1227144   -0.41421356]]
